61,9408
61,8215
62,3033
61,9164
61,7684
61,7354
62,5229
63,0066
62,7148
63,2012
63,4860
61,9997
62,7260
62,6027
61,7494
61,6644
61,7655
61,3222
60,8583
61,5539
61,1454
62,2794
61,4311
62,0659
64,0626
62,3699
58,5714
57,8332
57,5796
57,7646
57,5375
57,2850
57,2649
57,7626
57,5598
57,1747
57,0039
57,1072
56,8391
57,4954
57,7033
57,5521
57,4942
57,0188
56,9372
56,9359
56,6122
56,8011
56,5041
57,1000
56,6616
56,4334
56,3742
55,6717
55,9208
56,7608
56,6537
56,5201
56,3438
56,3554
56,5918
57,5899
57,7701
58,0171
58,1718
57,6736
56,9533
57,2196
56,6278
56,0408
56,2613
56,1840
56,2914
56,2908
55,8288
55,9288
56,3888
56,4115
56,6261
56,5892
56,7597
56,5925
56,3878
56,3569
56,6019
56,9957
56,8734
57,0463
57,6002
57,6291
57,4544
57,7343
58,1989
58,3152
58,5596
58,7170
58,6117
58,6940
58,8987
58,7082
59,1446
58,8370
59,2348
59,2811
59,2948
58,9281
58,6924
58,9911
58,5182
58,5814
58,3311
58,4125
58,2773
58,5318
58,4622
59,0061
59,4604
59,2746
59,6325
59,9898
60,2490
59,6207
59,1823
59,2808
59,2527
59,2480
58,4557
58,4296
58,0869
58,1557
58,1179
57,8716
58,0833
57,7643
57,6140
57,5852
57,4706
57,5118
57,5706
57,2721
57,3392
57,0861
57,6196
57,6869
57,9210
58,0713
58,3151
57,7612
57,5811
57,7832
57,9375
57,8134
58,0169
58,4255
58,0102
57,5186
57,5660
57,6527
58,2242
58,1290
58,0993
57,6242
57,5336
57,7706
57,6679
57,2656
57,1694
56,9966
57,1411
57,3387
57,8503
57,7817
58,0557
58,5454
58,7306
58,5320
58,5469
59,1476
59,1397
59,1312
59,0396
59,1409
59,3612
59,2490
59,6521
59,9266
59,7990
60,1873
59,9298
59,9611
59,9886
60,0605
60,3281
60,7503
60,5819
59,8454
60,0633
59,5436
59,4102
59,9102
59,8185
59,6572
58,9325
59,0823
59,2418
59,3705
59,0657
59,8806
60,1836
60,6227
60,7397
60,3014
60,3792
60,2426
59,5787
59,2295
58,9695
59,3862
59,0855
59,5415
58,8843
59,0014
59,6564
60,1482
60,0000
58,5786
57,9585
57,7408
57,4437
57,0303
56,9096
57,0020
56,9857
56,5878
56,6747
56,6152
56,6876
56,5373
56,6876
56,5168
56,7106
56,7560
56,0701
56,2743
56,5552
56,4988
57,1602
57,4683
56,7383
56,2603
56,5258
57,1640
57,1161
58,0824
58,5382
57,5714
57,0927
56,9518
56,9838
56,9707
56,3131
55,8453
56,0794
56,2307
56,4165
56,1753
55,9793
56,2505
56,2945
56,6019
56,7556
56,9552
57,3896
56,9201
56,4369
55,8940
56,5553
56,1396
55,9606
56,3779
57,0241
56,9364
57,0233
57,4247
57,5228
57,6360
57,2323
57,2847
57,9344
58,2437
59,1128
58,9540
59,1327
59,2174
58,8318
58,2630
58,3370
58,9099
58,4067
58,3776
57,9627
57,9371
57,4762
57,8590
58,0967
57,6342
57,1507
56,7719
57,7388
58,0619
58,8457
59,0235
59,5129
59,1933
58,7121
59,3137
59,9858
60,3099
60,0851
60,1618
60,3196
59,6356
59,1489
59,2168
59,5034
59,6697
59,3521
59,1830
59,4015
59,6067
59,3700
59,4978
60,1614
59,9533
59,8961
60,6569
60,2730
60,6669
60,8587
60,9084
60,8528
60,8641
61,1092
61,7967
61,7931
61,7515
61,6368
60,8079
61,0690
61,5804
63,3028
63,3901
63,9114
63,8741
63,9242
64,1528
63,6807
65,2382
64,9449
64,9153
64,6174
64,6279
64,0087
63,6282
64,3580
65,1023
64,9154
64,5463
65,5548
65,8591
65,2167
63,4161
63,8928
63,7364
63,9074
63,5043
63,4166
63,2025
63,2174
62,9037
63,0399
62,2597
62,0480
62,2349
62,4499
62,4194
62,5841
62,8900
63,1510
62,9934
63,3465
62,5892
62,1946
62,3884
62,3031
62,3900
62,4583
62,4323
62,5477
63,3960
63,1581
63,9509
63,6921
64,1506
63,8642
63,7942
64,4424
64,7513
64,9173
64,9940
65,2170
64,9737
64,8102
65,0539
64,1617
63,9730
64,3804
64,8306
64,7644
65,8684
65,2566
65,2535
64,9072
65,0810
64,7380
64,9459
64,8140
64,7684
64,2078
63,9391
63,5487
63,9943
63,9514
64,2076
64,3364
64,9497
64,8137
64,7848
65,0799
65,5627
66,3941
66,7420
66,8816
65,9553
67,0512
66,1125
65,9467
65,7408
64,9184
64,6270
63,7373
63,4183
62,9891
63,1154
63,1697
63,5773
63,8531
63,9029
64,2024
64,2488
64,0500
64,6304
64,2676
63,6844
64,0165
64,1755
64,2575
64,8095
65,0588
65,5287
64,3212
63,7162
64,1743
64,1509
65,4398
65,8618
65,9156
66,0306
64,7077
63,7402
64,6797
65,2089
65,7894
66,8529
66,7491
66,6156
65,9962
66,0825
66,0413
65,2062
65,8949
67,0493
67,0475
66,3775
66,2110
65,0641
64,5138
64,8895
64,9306
64,9607
66,2428
66,3277
66,1928
65,8918
66,1718
64,3334
65,1133
65,1618
66,4559
66,6295
66,2198
65,0254
66,0364
65,6474
68,2724
66,0452
66,4954
65,7662
66,3456
67,1250
67,4662
67,7960
68,5215
68,8901
68,6753
67,1410
67,8552
67,6076
68,7549
67,7807
68,4346
68,9328
67,6409
67,7764
68,8086
68,4026
68,5598
71,0256
70,5408
70,1542
70,3067
71,0928
72,3775
73,1854
73,8242
73,6256
74,0536
75,8994
75,0903
76,3929
76,3928
77,1326
76,3657
75,4575
77,8503
76,2450
77,7792
79,4951
79,1144
79,0689
78,6805
76,8614
77,3409
76,4609
79,2593
77,9273
76,3264
75,1723
77,3674
78,9969
81,8394
77,7965
80,5714
83,5913
79,4614
78,4862
78,6678
76,5650
76,5230
76,4275
76,6041
75,9507
72,9299
72,8827
72,5066
70,7865
70,2690
69,5165
70,9333
71,1211
71,2553
71,3215
70,5806
70,4012
70,8295
70,2244
69,1755
69,2151
69,2000
69,3026
68,5156
67,6698
67,7691
66,7402
66,2584
66,7370
66,2393
65,6836
65,4789
65,6210
65,5973
64,8673
64,9120
64,7785
65,4799
66,4607
66,6343
65,4541
64,5693
64,3908
64,6606
63,6832
63,3991
63,8525
63,7993
64,3742
64,1686
65,3159
63,5004
62,5038
61,9286
62,7888
62,6309
62,1620
61,4419
61,3587
62,2433
63,1248
62,2237
61,1535
61,2967
62,2942
62,7061
65,0962
65,6248
65,9414
65,0336
65,7364
66,2367
65,5470
65,6727
66,5151
66,0410
66,1747
66,1455
65,6445
65,3623
65,9273
67,1574
67,9571
68,0093
68,4961
67,6219
68,7932
68,4864
67,6850
67,0102
66,6756
65,3495
66,7152
66,4779
67,4473
69,3142
69,9461
70,7465
68,1216
66,9608
65,7222
65,8289
65,5034
64,9363
63,9988
65,0169
63,2098
64,4977
63,8399
63,8644
62,7184
62,9182
62,4677
60,3458
58,9906
59,7665
60,2231
58,7816
58,0374
57,3578
57,0232
57,0025
56,8336
56,8423
56,9504
56,6642
56,9774
56,6079
56,6685
56,9803
57,2174
57,2192
56,4112
55,6049
55,6555
55,4756
55,8413
55,5240
54,8126
54,6026
54,0746
54,2081
53,5569
53,8006
53,3301
53,8999
54,0409
55,2679
54,5285
54,8219
55,9100
56,0435
56,2463
54,9908
53,0590
53,4413
52,8213
52,9716
52,2907
51,0178
50,3223
49,8613
49,7901
49,9204
49,7919
49,1777
49,2175
50,0115
50,0774
49,5366
50,9140
50,7511
50,3615
49,9816
51,7574
51,1388
51,7029
52,3041
51,4690
50,2473
51,6011
53,6555
53,9728
51,5207
50,5295
49,6749
50,5033
51,9749
52,4220
51,0678
52,5424
54,0270
55,3328
56,5161
56,7534
56,9902
58,3536
57,6500
58,4643
57,7279
56,4271
57,3879
58,7710
59,4452
60,0341
59,8308
61,3483
61,7510
62,1497
61,3167
60,9595
62,6797
60,6649
59,9938
61,8457
61,8745
62,3649
62,2248
61,2718
60,7109
62,5906
63,5083
61,7235
62,1307
62,4001
62,8353
62,6632
65,0862
66,0994
66,0585
65,4469
65,7817
66,0432
68,6113
65,4470
67,7727
69,6640
68,9291
68,7303
67,1506
67,8153
65,5937
63,3930
65,4000
65,5558
64,9862
64,9732
65,1738
64,8337
66,0983
64,8425
62,7363
56,2376
56,2584
56,6801
52,0343
52,6159
54,4913
54,5687
56,4940
60,6825
59,6029
67,7851
61,1512
58,3461
56,8919
54,7932
54,2758
54,2116
53,3079
53,1088
52,6932
54,3821
50,7678
51,8068
49,3220
47,6629
46,4244
44,9758
44,7852
45,7926
46,7047
47,0294
46,9797
47,3329
47,3920
46,1233
46,3379
45,9520
45,8926
47,8774
45,1854
44,3993
41,9627
43,3943
42,6525
42,3934
41,9497
41,8101
41,4958
40,9671
41,0501
40,8815
41,0450
40,7457
40,9416
40,5304
40,3251
40,2125
39,9800
39,9819
39,7417
39,9820
39,6980
39,5474
39,6604
39,3836
39,3866
38,7243
38,3007
38,3830
38,6672
38,5782
38,4134
38,4209
38,3724
38,7058
37,9861
37,6545
37,3758
37,1693
37,0261
37,0866
36,9219
36,8038
37,3183
37,3480
37,2945
36,9316
36,3053
36,1397
36,1358
36,1201
36,0027
36,3317
36,2240
36,1094
36,0294
36,0014
36,0395
36,2222
36,0890
36,0475
36,4461
36,2496
36,1102
35,7987
35,6605
35,7272
35,4438
35,7271
35,6339
35,3457
35,0535
35,0786
34,8101
35,0387
35,0900
35,1627
34,7998
34,3853
34,3723
34,3135
34,0582
33,8353
34,0758
34,4258
34,5691
34,3236
34,1949
34,2496
34,2275
33,8434
33,6306
33,7508
33,9070
33,9812
34,2797
34,4190
34,3025
34,8232
34,8095
34,5654
34,3227
34,3681
34,3303
34,6573
34,9043
35,1398
35,0115
34,8887
34,7352
34,6481
34,4895
34,2571
34,0771
34,3139
34,2802
34,5078
34,6007
34,7394
34,7794
34,7005
34,7090
34,8789
35,2091
35,0343
35,4971
35,6550
35,8381
35,7227
35,6983
36,0245
35,9289
35,6830
35,6625
35,6785
35,6688
35,5389
35,9287
36,0813
35,9635
35,9890
35,6239
35,5581
35,7493
35,5475
35,4679
35,5010
35,5154
35,2517
35,0240
35,6053
35,6871
35,5810
35,4494
35,9316
36,1663
36,4022
36,1081
36,2070
36,4487
36,6505
36,6391
36,4566
36,4865
36,4015
36,2618
36,1251
36,0849
36,3208
36,3784
36,1847
36,0501
35,7872
35,5669
35,5112
35,6828
35,7670
35,5857
35,2386
35,0976
35,2559
34,8611
34,7595
34,7964
34,7636
34,6044
34,7287
34,9592
35,4502
35,2347
35,1800
35,2448
34,5633
34,6250
34,7093
34,2600
34,0334
33,8688
33,8161
33,6429
33,4343
33,4013
33,3562
33,2386
33,1204
33,2062
33,1547
32,6587
32,7292
32,6282
32,6710
32,6487
32,6284
32,9506
32,9798
32,9527
32,9404
32,8646
32,8658
32,8663
32,7518
32,7315
32,7848
32,7782
32,9514
33,1140
33,2632
33,2460
33,1482
33,1916
33,1332
33,0041
32,9879
32,7733
32,9055
33,0180
32,7417
32,6098
32,5658
32,6807
32,6874
32,8184
32,8076
32,6622
32,5479
32,3803
32,4511
32,3509
32,1808
32,0758
32,0613
31,9445
31,8119
31,6775
31,6618
31,7448
31,9346
31,9013
31,8460
32,0816
32,2561
32,2676
32,2663
32,2133
32,3564
32,3619
32,2984
32,2931
32,1005
32,1250
32,2979
32,2965
32,4839
32,3451
32,1736
31,9343
31,8167
31,9106
31,7326
31,5892
32,2450
32,3237
32,2907
32,7406
32,6731
32,9629
33,0600
33,3243
33,4338
33,3901
33,4656
33,3693
33,2522
33,2474
33,1783
33,1798
33,1224
32,9564
33,0552
33,1908
32,9737
33,0006
32,9226
32,9421
33,0004
33,1583
33,0426
32,8910
32,8606
32,9401
32,9848
32,9390
32,8811
33,0978
32,9741
33,0330
32,8901
32,8556
32,6371
32,5376
32,3462
32,3106
32,3236
32,4288
32,3998
32,4526
32,5417
32,6220
32,6429
32,5867
32,9112
33,0842
33,3210
33,2247
33,1605
33,2204
32,9475
32,8517
32,7090
32,8766
32,8876
32,7140
32,9097
32,7433
32,7041
32,1201
31,8824
31,6790
31,8029
32,3467
32,3951
32,3246
32,2397
32,1385
31,9816
31,8344
32,0487
31,7979
31,5893
31,5203
31,3784
31,3025
31,3164
31,4711
31,2280
31,1770
31,3406
31,3931
31,4166
31,4281
31,2778
31,3777
31,0829
31,0789
31,0839
31,0433
31,2559
31,2196
31,3169
31,5917
31,6414
31,5664
31,4605
31,7151
31,2320
31,4512
31,3051
30,9308
30,8814
31,0036
31,2086
31,6144
31,6207
31,7203
31,3918
31,1178
31,1093
31,0834
30,9962
30,8630
30,8734
30,7585
30,9325
30,8923
30,9446
30,8285
30,8908
30,7196
30,7769
30,7209
30,7499
30,7576
30,7628
30,6214
30,6963
30,7870
30,6381
30,5124
30,6202
30,5889
30,3368
30,3596
30,2337
30,0502
30,1277
30,1258
30,1139
30,0773
30,0692
30,1713
30,1590
30,1575
30,0496
29,9598
30,1231
29,9251
29,9966
30,0161
30,0277
30,1513
30,0782
30,0451
30,1648
30,2292
30,1950
30,2970
30,2065
30,3431
30,3399
30,2556
30,2607
30,2537
30,3650
30,4215
30,3727
30,3727
30,4808
30,6150
30,5926
30,8046
30,7194
30,7592
30,7606
30,9859
30,7696
30,6892
30,6034
30,7321
30,7506
30,8686
30,9670
30,9107
30,8235
30,9940
30,8365
30,8110
31,0565
31,1408
30,9410
31,0201
31,1325
31,1525
31,4218
31,4263
31,6677
31,7184
31,6919
31,7267
31,7164
31,6053
31,4962
31,5146
31,3033
31,5195
31,3817
31,3666
31,3743
31,5252
31,4373
31,4780
31,2499
31,3039
31,1171
30,9084
30,7823
30,7195
30,7964
30,9493
31,0791
30,9738
31,1667
31,2017
31,0994
31,0777
30,9744
31,1210
31,1944
31,1350
31,2538
30,9169
31,1951
31,2221
31,1608
31,2513
31,1667
31,5758
30,8634
30,8795
30,5867
30,8181
31,3992
31,4780
31,7768
31,7221
32,0142
32,1998
32,4608
32,1995
32,4171
32,5669
32,2934
32,0942
32,0183
31,8703
31,8099
31,6830
31,8056
31,9606
32,0165
31,8469
31,9011
31,8532
31,7739
31,8707
31,8974
31,4807
31,6907
31,6644
31,9451
32,5361
32,4563
32,3322
32,2058
32,1881
32,2131
32,6224
32,9657
32,6324
32,3760
31,9509
32,0764
32,4041
32,4955
32,6208
32,6590
32,7177
32,8282
32,9754
32,9907
32,6240
32,4727
32,2065
32,4789
32,5287
32,8169
32,9412
32,8384
33,1732
33,1693
33,5191
32,9054
32,5166
32,5315
32,1315
32,3945
32,5766
32,7331
32,5862
32,7358
32,1922
32,7889
33,2001
34,0395
33,7384
32,9173
32,4509
32,0860
31,8270
31,7572
31,6247
31,3803
31,0644
31,1582
31,3921
30,9417
30,9758
30,3299
30,2652
30,1793
30,2306
30,1891
29,8075
29,5937
29,4630
29,3708
29,3627
29,4234
29,2770
29,2962
29,4549
29,4880
29,5214
29,5122
29,4978
29,6368
29,7614
29,4711
29,5690
29,8033
29,6359
29,6358
29,4606
29,4303
29,4285
29,2944
29,3479
29,3282
29,2853
29,0845
28,9468
29,2311
29,4038
29,2447
29,2079
29,1652
29,2224
29,3578
29,5822
29,5125
29,5091
29,6666
29,5406
29,6621
29,4508
29,2892
29,2960
29,2889
29,0253
28,9503
29,1264
29,4490
29,7692
29,7796
29,7805
29,9982
30,2098
29,9440
30,0868
29,8923
29,6795
29,6930
30,0871
30,2324
30,2385
30,1855
30,4067
30,3131
30,3647
30,3626
30,3600
30,6670
30,8752
31,3325
31,2879
31,4777
31,5428
31,5445
31,9344
31,5830
31,6807
31,6886
31,8729
32,1961
32,0197
31,5633
31,0847
31,2266
31,2575
31,5634
31,7645
32,0519
32,0323
31,7701
31,8957
31,7655
31,6704
31,4134
31,5691
31,2308
31,1527
31,1026
30,9068
30,8099
30,8486
31,4001
31,3216
31,4117
31,5788
31,4365
31,2133
31,0612
30,9693
30,9190
30,7337
30,8417
30,6600
30,2921
30,5282
30,8454
30,1033
30,5014
30,5694
30,8438
30,6830
30,6448
30,1245
29,8977
30,2421
30,5732
30,4971
30,8255
31,3361
31,3788
30,9257
30,9694
30,7370
30,9905
31,2014
31,4151
31,4270
32,0096
32,2005
32,5085
32,6374
32,6799
32,5890
32,1100
31,8751
31,8180
32,2201
32,4619
32,1083
31,9106
31,4122
31,4960
30,8680
30,5328
30,5042
30,3643
30,1872
30,3034
29,6904
29,5015
29,4905
29,6107
29,3436
29,0604
28,8911
28,9278
28,8569
28,7108
28,8717
28,8825
28,9037
28,9547
29,2555
29,2709
28,9115
28,7207
28,7032
28,8576
29,4452
29,4170
29,3065
29,4166
28,5210
28,3382
27,8432
27,8996
27,8154
27,5204
27,6796
27,5907
27,4439
27,5460
27,7413
27,7169
27,9080
28,0466
28,1505
28,1775
28,1277
28,0610
28,2557
28,3842
28,0839
27,8880
27,9853
27,8907
27,8622
27,8037
27,8536
27,8726
28,0758
28,2352
28,3478
28,1655
28,0568
27,8960
28,0118
28,1783
28,1778
28,1900
27,8957
27,8984
27,7907
27,7033
27,6847
27,7814
27,7752
27,8751
28,0419
27,9682
27,9805
28,0685
28,1166
28,2280
28,4794
28,4370
28,3418
27,9145
27,9608
28,0466
28,1177
28,1220
27,8497
27,9472
27,6288
27,8645
27,6635
27,2625
27,3675
27,3348
27,5022
27,4977
27,7144
27,8964
27,9924
27,9396
27,9398
28,1457
28,4213
28,1636
28,2212
28,1886
28,1145
28,1456
27,9758
28,1211
28,2286
28,2164
28,3113
28,2277
28,3684
28,5162
28,4290
28,3436
28,4110
28,2237
28,4015
28,2700
28,1561
28,3675
28,4763
28,7422
28,6582
28,7263
28,6640
28,6317
28,4356
28,2945
28,1717
28,1880
28,3228
28,6277
28,7569
28,9028
28,9405
29,1611
29,2859
29,1549
29,2585
29,2447
29,2735
29,2850
29,2583
29,3200
29,3535
29,3010
29,2550
29,3689
29,4136
29,3489
29,4219
29,6548
29,8018
29,6684
29,6738
29,7768
29,7948
29,8516
30,0109
29,9147
29,8252
29,8881
30,0534
29,9540
30,0926
30,3988
30,6252
30,3505
30,4769
30,3592
30,2720
30,4495
30,5778
30,5922
30,7187
30,7188
30,7746
30,6682
30,7528
30,7199
30,7447
30,9006
30,8604
30,9831
31,2430
31,2238
31,2867
31,2641
31,3518
31,4555
31,3335
31,3061
31,3539
31,2842
31,2929
31,2642
30,9950
30,9490
31,1999
31,3487
31,0560
30,8632
30,8414
30,7722
30,5107
30,6925
30,8612
30,8029
30,7709
30,7941
30,7738
30,7821
30,6786
30,5682
30,4000
30,2258
30,4977
30,7348
30,7968
30,4151
30,5237
30,1243
29,9315
30,1269
30,0763
29,8317
29,9086
29,6334
29,8929
30,4360
30,4960
30,5094
30,5126
30,4030
30,6013
30,6119
30,9480
31,0031
30,9826
31,0814
30,9809
31,0826
31,0223
30,7407
30,7049
30,6831
30,8937
30,8801
30,8873
30,7319
30,5771
30,6922
30,6858
30,8001
30,8669
30,6640
30,6969
30,8227
30,8958
30,7559
30,6041
30,5099
30,4636
30,4257
30,4514
30,5199
30,4199
30,4493
30,2050
30,0239
29,8186
29,8312
29,8633
29,7958
29,9681
30,1861
30,1869
30,2173
30,2066
30,2391
30,3006
30,3839
30,5205
30,4059
30,4058
30,5739
30,4615
30,5619
30,5390
30,8543
30,8823
30,7953
30,9479
31,0922
31,1124
31,1124
31,1942
31,3703
31,2554
31,1954
30,9833
31,0761
31,0149
30,9694
30,8960
30,7267
30,8840
31,1854
31,1566
31,4595
31,4471
31,5742
31,7302
31,6200
31,7798
31,0685
30,8938
31,1900
31,0702
30,7400
30,4956
30,8786
31,3538
31,4293
30,8754
31,0576
30,7523
30,6953
30,3946
30,6986
30,0575
29,8597
30,2048
30,3609
30,7193
30,2971
29,6812
29,2982
29,1537
29,2886
29,3801
29,0623
29,0882
29,2743
29,1288
29,0906
29,1381
29,1969
29,0325
28,9310
29,0444
29,0294
28,9428
29,3232
29,4003
29,2940
29,2416
29,2097
29,2194
29,4394
29,4956
29,3638
29,6309
29,5142
29,6572
29,5764
29,4707
29,3389
29,2565
29,2223
29,1927
29,4242
29,3353
29,3897
29,5195
29,7249
29,7499
29,8366
29,8217
29,8140
29,9779
29,9300
29,9484
30,0388
30,0521
30,0309
30,1510
30,1138
29,9761
30,1176
30,2207
30,1595
30,1245
30,2462
30,3735
30,5158
30,4666
30,0054
29,8779
30,1830
30,3996
30,4312
30,3631
30,2921
30,3136
30,0946
29,7458
29,7486
29,6941
29,5184
29,5963
29,5603
29,4299
29,6409
29,3774
29,4283
30,1851
30,2442
29,8491
29,5952
29,4266
29,9292
30,5007
30,4439
30,5529
30,7187
30,4392
30,1978
30,0678
30,0481
30,2107
30,6268
30,7562
30,1839
29,5221
29,1979
29,2427
29,0560
29,1771
29,0687
29,8179
28,8751
28,7909
28,8481
28,7986
28,8554
28,7459
28,7163
28,6768
28,6705
28,8345
28,6701
28,7007
28,7391
28,8497
29,0156
29,1330
29,2337
29,1944
29,0488
29,3441
29,1749
29,0184
28,9403
29,0003
29,0858
29,1641
29,1911
29,3553
29,3281
29,3206
29,4651
29,5043
29,5945
29,6090
29,6396
29,7819
29,8322
30,0785
30,1240
30,0621
30,0087
30,0922
30,1985
30,1370
30,0678
30,0004
30,2385
30,3711
30,3744
30,3881
30,6067
30,9895
30,8617
30,7246
30,8851
31,1452
31,3754
31,4298
31,6062
31,7679
31,9730
31,7743
31,8397
31,5687
31,6405
31,4007
31,5437
31,5544
31,9443
31,6011
31,9191
31,9187
32,2874
31,7226
32,1457
32,6926
31,7477
31,6503
31,5473
31,1814
31,1326
31,0484
31,2424
31,1533
31,7555
31,4162
30,6431
30,7457
31,1372
31,0760
31,0785
31,1791
31,3733
31,7837
31,6943
32,0470
32,5072
33,0597
32,0353
31,8878
31,7819
31,4695
31,4143
31,2481
31,1252
31,1904
31,0385
31,2904
31,1184
31,2037
31,1365
31,5765
31,2408
31,1541
31,0998
31,1297
31,3185
31,1548
30,9124
30,9277
31,2637
31,0751
30,6919
30,8767
30,5131
30,7321
30,7441
30,9843
31,3259
31,1846
31,1465
31,0516
31,1998
31,4586
31,8009
31,9498
32,2919
32,0797
32,1677
31,9841
32,2817
32,5534
32,7915
32,8883
32,8146
32,9672
32,9740
33,2491
33,5533
33,3904
33,4187
33,7848
34,0597
34,1043
33,5371
33,4677
33,4184
33,4507
33,3887
33,4863
33,6309
33,5334
33,7781
33,3840
33,1743
33,4095
33,7636
33,9456
33,9032
34,0134
33,4133
33,4668
33,7268
33,2726
33,3034
33,4230
33,8222
34,4203
34,5318
34,8388
34,8316
35,2944
35,1164
35,4534
35,7374
35,8899
36,2284
36,2054
36,1644
35,7205
35,7223
35,7442
36,0254
36,0760
36,0910
36,4267
35,6345
34,7797
34,5578
34,8003
35,8323
35,9285
36,1258
36,3798
36,3095
36,0135
36,1290
36,1767
35,4146
34,6847
33,2155
32,9979
32,9018
32,8926
32,7991
32,6430
33,4154
32,9085
32,5747
32,2135
31,5616
31,2226
30,9981
30,5331
29,3916
29,3804
29,2300
29,0058
28,6735
28,6119
28,3359
28,2682
27,7351
27,6095
27,5199
27,6009
27,8160
27,8077
27,9310
27,8671
28,0029
28,0043
28,0916
27,9576
27,9212
28,0166
27,9409
27,6060
27,4216
27,3563
27,3913
27,6613
27,5665
27,5715
27,4413
27,4301
27,4374
27,3386
27,6704
27,4704
27,3399
26,9639
27,0041
26,9114
26,9146
27,0793
27,0981
26,5430
27,0979
27,3018
27,3507
27,0596
26,9793
26,9215
26,4417
26,0561
26,2505
26,3691
26,1347
26,0871
26,1111
26,2080
26,0695
26,1629
26,1791
26,1784
25,8993
25,8213
25,6023
25,3718
25,2464
25,0221
24,8982
25,0703
24,9864
25,2690
25,4863
25,4307
25,5245
25,5064
25,3938
25,7013
25,7842
25,5761
25,5814
25,2626
25,4552
25,2144
24,8739
24,7184
24,6670
24,5769
24,5474
24,6019
24,5803
24,4389
24,2699
24,3013
24,4316
24,5703
24,4898
24,5054
24,2901
24,1559
24,3424
24,5697
23,8782
23,5816
23,5142
23,4354
23,4039
23,4697
23,4186
23,4456
23,3278
23,3610
23,3572
23,3782
23,3220
23,1960
23,2120
23,1937
23,2250
23,1638
23,1255
23,2300
23,3727
23,4363
23,4147
23,5024
23,5589
23,5125
23,3759
23,4147
23,4689
23,4068
23,4573
23,5245
23,6113
23,6223
23,5908
23,6288
23,5979
23,6586
23,6402
23,7795
23,6748
23,6109
23,5210
23,5651
23,6809
23,8116
23,8019
23,6968
23,7473
23,7384
23,6659
23,5847
23,5513
23,5483
23,6007
23,5758
23,6874
23,7462
23,7238
23,8391
23,8482
23,8521
23,7199
23,8328
23,8833
23,7523
23,7456
23,7633
23,7939
23,6588
23,6471
23,6037
23,6007
23,4391
23,3448
23,4299
23,4704
23,3696
23,3703
23,4482
23,4549
23,5139
23,4825
23,4628
23,5437
23,5330
23,6028
23,5982
23,6153
23,6706
23,5799
23,5027
23,5156
23,5171
23,6559
23,7010
23,8351
23,7773
23,6781
23,5581
23,5325
23,5126
23,6490
23,6924
23,8461
23,8587
23,8353
23,9349
24,0473
24,0480
24,0103
24,0023
24,1159
24,1966
24,4558
24,4663
24,5299
24,5486
24,5206
24,5767
24,5861
24,6392
24,6655
24,6537
24,6715
24,7813
24,6466
24,6706
24,5211
24,4543
24,4201
24,4262
24,4764
24,4750
24,5952
24,4386
24,6349
24,6325
24,8917
24,6456
24,5076
24,5043
24,3367
24,2858
24,2913
24,3671
24,4796
24,4387
24,5462
24,5398
24,6387
24,7019
24,7196
24,7307
24,7235
24,7529
24,7281
24,7236
24,7060
24,5092
24,4286
24,4432
24,4174
24,4880
24,5295
24,5506
24,4236
24,4733
24,4560
24,4171
24,3506
24,3622
24,3111
24,3104
24,2649
24,3174
24,3391
24,4328
24,4975
24,5153
24,4620
24,4917
24,5286
24,4946
24,4458
24,4830
24,5123
24,6232
24,6674
24,6847
24,6724
24,7238
24,6983
24,7722
24,8508
24,8912
24,9225
24,8066
24,8494
24,8749
24,9275
24,9012
24,9230
24,9216
24,9199
24,9842
25,0597
24,9800
24,9814
25,0111
24,9297
24,9093
24,8784
24,9493
24,9619
24,9755
25,0315
25,0062
25,0540
25,1258
25,1867
25,3547
25,3286
25,3422
25,3679
25,4056
25,5154
25,5708
25,6618
25,6639
25,6997
25,5982
25,5896
25,6262
25,6494
25,7630
25,6753
25,6544
25,7609
25,7105
25,8405
25,8429
25,7408
25,7818
25,7379
25,6367
25,5319
25,4661
25,5070
25,3444
25,4837
25,4702
25,4520
25,5554
25,5945
25,6008
25,5448
25,5999
25,4963
25,4989
25,4132
25,3964
25,3853
25,4144
25,4216
25,4401
25,4563
25,4728
25,4936
25,5167
25,5363
25,6586
25,7016
25,7305
25,6742
25,6629
25,6574
25,7288
25,8162
25,7965
25,8468
25,7781
25,9010
25,9356
25,9692
25,9372
25,9268
25,9558
26,0323
26,0465
26,0420
25,9811
25,9247
25,8428
25,8180
25,8493
25,8928
25,8983
25,9043
25,9031
25,9029
25,8884
25,9152
25,9002
25,8964
25,8831
25,8388
25,8492
25,8074
25,7376
25,7927
25,8067
25,8594
25,7771
25,7334
25,7351
25,7691
25,7288
25,7564
25,6851
25,7446
25,6934
25,6948
25,7760
25,7617
25,7240
25,7657
25,7469
25,7994
25,7966
25,8286
25,8647
25,9181
25,9210
25,9846
25,9252
25,9871
26,0094
25,9839
25,9947
26,0113
26,0204
25,9956
26,0180
26,0770
26,0109
25,9709
26,0335
26,0414
26,0419
26,0476
26,1300
26,1491
26,1873
26,2278
26,2086
26,2352
26,2432
26,2147
26,1740
26,1366
26,1481
26,1599
26,1730
26,2474
26,1967
26,1964
26,2131
26,2358
26,2314
26,3060
26,3759
26,3414
26,3473
26,3945
26,5040
26,5543
26,5288
26,4800
26,4882
26,5484
26,5331
26,5747
26,5575
26,5018
26,4879
26,5240
26,5214
26,5075
26,5343
26,5646
26,5481
26,5645
26,5770
26,5320
26,4898
26,4465
26,3311
70.5926
70.9580
70.9207
70.6038
70.5618
71.0942
71.3339
71.2625
70.5708
70.4303
70.3100
70.5699
71.2347
70.6049
70.8099
70.5151
70.5338
70.1564
69.7972
70.5299
69.7317
70.1702
69.4671
68.8826
68.9062
68.6599
68.9224
69.6341
69.8087
69.8928
69.9001
70.6471
70.6718
71.2329
71.1670
71.2450
71.3943
70.7713
70.5310
70.9294
70.4959
70.0958
69.7921
69.9322
69.5424
69.8513
69.6073
69.4580
69.4484
69.0702
69.2650
69.3953
69.2582
69.1730
69.0243
68.8174
68.2562
68.0586
67.8841
68.2103
68.8668
68.7861
68.2328
68.5422
69.0937
69.1268
69.5220
69.5033
69.1735
69.0946
69.4298
69.4048
69.4653
69.2982
69.8023
69.6434
69.9323
69.7060
69.6327
69.9104
69.7478
69.5185
69.2040
69.4934
69.4957
69.3309
69.1783
69.4030
69.8184
69.6654
70.3604
70.7040
71.1721
69.6787
68.9178
68.9791
68.7865
68.7040
67.7677
68.0822
67.6770
67.7107
67.6434
67.2179
67.5276
68.2890
67.7713
67.6856
67.5567
67.8927
67.9333
67.3577
67.4596
67.2988
68.1409
68.4455
68.5032
68.3557
68.3861
67.5344
67.7787
67.9357
67.9839
67.9076
68.4483
68.6441
68.1678
68.0215
68.5553
69.0737
69.2635
69.7664
69.6785
68.7514
68.5801
68.6950
69.0977
68.5469
68.6490
68.6923
68.2436
68.4165
68.7782
68.7256
68.9992
69.6222
70.2007
70.4316
69.8465
69.6995
69.7434
69.5619
69.5900
69.4314
69.7197
69.6531
69.9958
70.3718
70.6645
70.7502
70.2677
70.4183
70.8405
70.8414
71.6879
71.9527
71.6866
70.7313
70.4603
69.6779
69.6406
69.6816
69.7005
69.4708
68.6623
68.0037
68.2762
68.4008
67.6184
68.3597
68.8139
69.4494
69.2007
68.7737
68.9470
68.3814
67.6754
67.2966
67.2016
67.8072
67.4993
67.6868
65.9563
66.0816
66.6780
67.1495
66.7980
65.3210
64.8614
64.4561
64.2795
63.9481
63.7729
63.7852
64.1488
63.7179
63.7817
63.8110
63.6092
63.5310
63.4107
62.9484
63.3684
63.6689
63.0116
62.9203
63.6189
63.1713
63.6479
63.9967
62.9568
62.0382
61.8449
62.0915
62.1595
63.2634
64.2398
62.7298
62.3224
62.1515
62.0440
62.1664
61.5052
60.7932
60.8461
60.3187
60.6139
60.2649
59.6124
59.8393
59.7791
60.2867
60.2631
60.3042
60.7469
60.5687
60.0827
59.6948
60.2427
59.8953
59.8107
60.5950
61.5347
61.8102
61.9615
61.8636
62.0959
62.2699
61.7308
61.6956
62.3722
62.4897
62.8428
62.7447
63.2661
62.7408
61.9911
61.7063
61.8606
61.9850
61.5198
61.5417
61.3883
61.2569
60.4535
61.2090
61.6987
61.4496
60.6540
60.0249
61.2955
61.7662
62.6824
63.0253
63.4467
63.2362
63.1566
63.8156
64.7307
65.0322
64.2850
64.4333
64.3429
64.0248
63.4254
63.6225
63.9424
63.7272
63.1803
63.2252
63.2864
63.2308
63.1222
63.2759
63.5184
63.5445
63.1125
63.8111
63.0214
63.4879
63.5730
63.7285
63.5425
63.5604
63.6086
64.2006
64.6727
64.4809
64.6139
64.7543
64.9774
65.0720
67.2086
68.2458
68.5002
68.6902
67.7660
68.4703
67.6162
69.3417
68.8416
69.1608
68.4363
68.0855
68.0540
67.5413
68.3611
68.9889
69.4984
69.2388
70.6156
71.0488
71.1253
69.3392
71.3491
70.4542
70.6944
70.5977
70.2339
69.3647
69.2863
68.6783
68.7576
67.9253
67.4958
67.7302
68.0267
68.4741
68.7674
69.2608
69.3587
69.3746
69.7255
69.1173
69.1231
69.7253
69.2312
69.8518
70.0782
69.7556
70.2411
70.9338
70.8823
71.5738
71.6409
72.0604
71.5854
71.6728
71.8404
72.5279
72.4477
73.0208
73.2126
72.9460
72.7559
73.1986
72.3359
72.0464
72.4022
72.3639
72.3742
73.7199
72.6828
72.6859
72.5013
72.7996
73.0892
73.2135
73.2074
73.4733
72.4457
72.4558
71.9371
72.0832
71.9645
71.7263
71.7158
72.4644
72.2349
71.7556
72.1476
73.0303
73.9232
74.7978
74.9007
73.6523
74.3799
73.4047
72.5150
72.3478
71.2090
71.2513
70.3022
69.6967
69.6974
69.7741
70.3395
70.5644
70.5577
70.9833
70.8152
71.1684
70.9482
71.5135
71.6327
70.8553
71.0519
71.2926
71.2102
71.7117
71.9420
72.6582
72.9016
71.8082
72.7865
72.7792
73.5609
74.2460
73.9441
74.3174
73.1909
72.5682
73.5538
74.1164
74.6907
74.5610
74.8191
74.2098
73.4406
73.4970
73.8474
72.8418
73.4596
75.0349
75.2675
74.4623
74.2755
73.3077
73.1006
73.4549
73.6248
74.1137
75.4505
75.5406
75.5789
75.5713
76.0512
73.3015
73.9166
73.8023
74.9024
74.9515
74.6959
73.4592
75.0107
74.3719
77.1273
74.3405
74.7940
74.6578
75.8529
76.4957
76.6888
77.3688
77.8130
78.2798
78.1662
76.4266
76.9207
76.5386
76.8611
75.6975
76.4004
76.9290
75.6902
76.1400
77.4647
77.1992
77.1572
78.7532
78.3285
78.1798
78.4131
77.9817
79.4488
80.1161
80.2100
79.9721
80.5333
83.1023
82.9748
84.2155
84.0779
85.8563
84.9187
84.0521
86.9588
85.0894
87.1905
89.8454
89.3439
89.2213
88.0435
85.6543
86.5754
84.8104
86.5115
84.9719
82.8141
81.9077
84.1370
85.8459
88.8858
84.1603
87.2266
91.1814
87.0341
85.2988
85.6220
83.2951
83.1499
82.7175
83.4372
82.8090
79.6395
79.6972
79.5470
77.6032
77.0500
76.0441
77.5443
77.6145
77.4830
77.4052
76.6788
77.0400
78.2312
76.9659
75.7472
76.0674
75.5595
75.3111
74.4079
73.6721
71.7404
70.8647
70.1345
70.6478
70.3859
69.7034
69.8987
69.8076
69.7037
69.3886
69.3390
69.0021
69.7819
71.3987
71.8184
70.3370
69.3797
69.2394
69.6136
69.2555
68.8261
70.3782
70.3961
70.7537
70.1427
72.1479
70.2124
69.0104
68.7903
71.0895
71.1738
70.5290
69.7796
69.7710
71.2810
72.0506
70.8977
69.5499
69.3450
70.3052
70.4691
72.9468
73.7951
73.6302
72.4865
73.7760
74.5825
73.2684
73.1397
74.5435
73.5367
73.9568
74.8304
74.9726
73.9378
74.2407
75.9013
77.1313
76.8165
76.6951
75.5742
76.9246
76.3692
75.4011
75.2659
75.0901
73.8449
74.8478
75.0469
76.3369
79.7252
80.7248
81.1533
76.6709
74.4738
72.7085
72.9187
72.5712
72.3650
71.1475
72.2078
69.6762
70.7540
69.8089
69.6314
68.1435
68.9961
68.5770
66.0002
64.6478
65.9882
66.6248
65.0830
63.6090
62.9330
62.3948
61.7622
61.6929
61.9183
62.1841
62.3986
62.6239
62.9819
62.9474
63.0430
63.0822
63.0441
62.4246
61.7492
61.5661
61.6556
62.3803
61.5206
61.4066
61.1986
60.5852
61.0546
60.8567
60.9130
60.6417
60.7452
61.1040
62.1045
61.4754
62.2064
63.0721
62.5053
63.3221
61.9471
59.1130
58.6037
57.7020
58.0145
57.1433
55.6757
54.8412
54.7477
55.5508
55.5714
55.2441
55.1085
56.1030
56.9881
57.1383
55.7138
57.1102
56.8971
57.2207
56.1843
57.4093
57.1578
56.8060
56.9016
55.8747
54.6590
55.1255
57.7226
57.5998
55.5496
54.5163
52.9087
53.6598
54.8387
55.5201
54.2749
56.5251
58.7003
60.4124
62.0377
61.7363
61.6919
62.7476
62.0487
63.3695
62.5655
62.0811
62.7651
64.3425
64.1473
64.0504
64.1446
65.0108
65.4314
65.4063
64.9650
64.6232
66.9168
65.5242
66.1012
68.3086
69.1138
69.8487
69.5424
68.6857
68.9797
71.1655
71.9422
70.0315
70.9408
71.0800
71.3243
71.5426
74.3675
74.8311
74.7386
74.1382
74.5833
75.6591
77.9356
75.0415
76.8271
78.7900
78.1105
77.5690
76.2629
76.2922
73.5633
71.9067
75.7724
75.8218
75.2735
75.1740
75.8623
76.3352
77.9629
76.7735
74.3551
68.3681
68.3427
69.0590
63.5131
64.3177
66.4031
66.7539
69.2503
74.5727
73.3414
84.5890
76.1516
72.6642
70.5289
68.2942
67.1989
66.8809
65.4248
65.7168
64.8443
67.2652
63.2414
64.4425
61.4108
59.6215
57.9052
55.8779
55.5336
57.4377
58.5817
58.9090
58.6448
59.3081
58.9793
57.4235
57.8575
57.0494
57.2418
59.3153
56.5450
55.6234
52.7219
54.6378
54.3393
53.8693
53.2342
52.9065
52.4424
52.1388
52.6468
52.1198
52.5253
52.1504
51.7829
51.5141
51.0798
51.0538
50.9585
50.5091
50.2017
50.0775
50.2021
49.9484
50.0554
49.9817
49.9540
49.3386
48.8449
49.3145
49.6912
49.6193
49.5379
49.4592
49.6923
50.0582
49.1958
48.6647
48.2484
48.0636
47.7118
47.9789
47.7806
48.3786
49.0213
49.0193
48.9677
48.6315
47.9520
47.6177
47.7282
47.6641
47.8548
48.1686
48.1924
48.2133
48.2398
48.1231
48.1416
48.4110
48.2402
48.2856
48.7722
48.4947
48.2432
48.0490
47.8671
47.8244
47.4699
47.8958
47.8635
47.4799
47.2206
47.1702
46.8718
47.3758
47.5048
47.5505
47.0702
46.6299
46.7910
46.6835
46.3328
46.1649
46.4146
46.8122
46.9448
46.6870
46.6863
46.8398
46.8335
46.1827
45.8251
46.0226
46.1576
46.2212
46.6478
46.8821
46.6960
47.1715
47.2121
46.8085
46.4764
46.7269
46.8746
47.3211
47.4908
47.8253
47.6296
47.5463
47.2677
47.1145
47.0161
46.7712
46.4266
46.8350
46.8507
47.3171
47.3995
47.6416
47.6999
47.5674
47.6173
48.0073
48.4759
48.7642
49.4120
49.5070
49.7361
49.3188
49.5064
49.8219
49.6969
49.3175
49.2820
49.2185
49.2978
49.1041
49.7289
49.8860
49.6836
49.8232
49.4994
49.2266
49.2911
48.8600
48.6159
48.6435
48.8834
48.6826
48.2596
48.9680
49.0519
49.0484
48.9521
49.7042
49.9167
50.1804
49.9628
50.4146
50.7621
50.9442
50.7635
50.8096
50.5593
50.4707
50.2625
49.5925
49.5446
49.9520
50.1513
49.5839
49.3454
49.1823
48.8654
48.7959
48.9497
49.1975
48.9730
48.3086
48.1188
48.2618
47.4913
47.4154
47.5319
47.3758
47.0205
46.9497
47.2159
47.9535
47.5351
47.6408
48.0951
47.2238
47.3739
47.4962
46.8985
46.1050
45.9125
45.8242
45.5424
45.5175
45.4926
45.4878
45.4139
45.2855
45.2069
45.0672
45.0559
44.9699
44.8736
44.7005
44.6438
44.6520
45.0863
44.9680
45.0628
45.3688
45.2644
45.2135
45.1944
45.1549
45.0418
45.0758
44.9127
45.0116
45.1013
45.1748
45.0417
45.0882
45.1870
44.9949
44.8262
44.6392
44.3685
44.3533
44.3300
44.3421
44.0624
43.9541
43.9751
44.0201
44.1046
43.9228
43.6563
43.6305
43.7879
43.8220
43.6672
43.6179
43.9406
44.0586
44.0323
43.9036
43.7625
43.7249
43.7126
43.6610
43.6378
43.5590
43.5123
43.6102
43.7645
43.7660
43.6039
43.6844
43.8471
43.8225
43.8314
43.7337
43.6932
43.6603
43.8005
43.8143
43.6497
43.4987
43.0251
42.9653
43.2038
42.9501
42.7465
43.0761
43.1457
43.1597
43.4664
43.4748
43.6824
43.8607
43.9014
43.8919
43.9814
44.0742
43.9540
43.9561
44.0129
44.0840
44.3879
44.2714
44.0891
44.1022
44.2765
44.2144
44.0294
43.8628
43.9382
43.8509
43.9845
43.9665
43.8305
43.9806
43.9717
43.8764
43.6574
43.6628
43.7387
43.7270
43.7786
43.6090
43.6060
43.3421
42.9919
42.7229
42.6209
42.5088
42.5920
42.4437
42.6232
42.5906
42.6076
42.6643
42.6234
42.1033
42.6389
42.7342
42.8399
43.0954
43.0736
43.0525
42.8025
42.7180
42.8349
42.9841
42.9698
43.1018
43.3489
43.3526
43.0409
42.5216
42.2249
42.4442
43.2443
42.9753
42.6426
42.7176
42.1464
41.8447
41.6076
41.7274
41.4486
40.9650
40.5666
40.5189
40.4867
40.5140
40.4026
40.3372
40.1903
40.2633
40.3747
40.4175
40.5517
40.6768
40.7345
40.7404
40.6450
40.7386
40.6264
40.8358
40.6635
40.8498
41.0629
41.3142
41.2352
41.1157
41.3787
41.1544
41.1193
40.9283
40.5132
40.3651
40.5930
40.6523
41.0481
40.8413
40.7035
40.1752
40.0113
39.8168
39.8023
39.6627
39.6559
39.7526
40.0845
39.9060
39.9746
39.8752
39.9075
39.8491
40.0123
39.8715
40.0631
40.0364
40.0187
39.9732
40.0007
40.0126
40.0293
40.0563
40.1024
40.0420
39.9216
40.0810
40.1111
40.0748
40.3394
40.2265
40.1969
40.2713
40.3698
40.4280
40.3873
40.3618
40.4171
40.6691
40.6435
40.6029
40.7789
40.8674
40.7138
40.5134
40.5414
40.4552
40.2364
40.2036
40.2200
40.3194
40.3617
40.4314
40.3472
40.3096
40.4003
40.5009
40.1104
39.6385
39.8096
40.2286
40.2286
40.3505
40.3659
40.3333
40.6251
40.5619
40.6544
40.7393
40.8084
40.4713
40.2182
40.0599
39.9579
39.8313
39.8359
40.1270
40.3570
40.4127
40.4720
40.1769
40.0759
40.2057
40.2339
40.1893
40.1989
40.1360
40.0278
40.0785
40.2037
40.4207
40.4759
40.3818
40.3500
40.2323
40.2146
40.2238
40.2189
40.2748
40.3134
40.4918
40.6323
40.6548
40.7148
40.6233
40.6948
40.6311
40.6544
40.5798
40.3416
40.2140
40.2640
40.3525
40.1970
40.1355
40.0832
40.0679
40.1347
40.3577
40.3389
40.2822
40.2581
40.2096
40.1673
40.1455
39.9786
40.2074
40.1735
40.2099
40.4548
40.4918
40.9570
40.3416
40.4367
40.1481
40.1868
40.5678
40.5090
40.6203
40.5694
40.4820
40.6297
40.6669
40.6197
40.7580
40.7249
40.5250
40.2846
39.9748
39.8379
39.9087
39.7527
39.6202
39.5449
39.5468
39.3660
39.1395
39.2846
39.2916
39.1468
39.1923
38.9511
39.2299
39.2322
39.5353
39.6745
39.7525
39.8236
39.5101
39.5527
39.6028
39.6362
39.8390
39.5374
39.1620
39.1686
39.4219
39.8020
39.9240
39.8985
39.8277
40.0072
40.2638
40.5367
40.5522
40.3885
40.6850
40.5512
40.9332
41.0642
41.3230
41.1963
41.0217
41.4964
41.4981
42.0464
41.7208
41.2441
41.0060
40.8231
40.9078
40.9390
40.9426
40.7914
40.9067
40.4205
40.9501
41.5068
42.2464
41.6804
40.8076
40.4598
40.2423
40.1179
39.8426
39.7681
39.7651
39.7376
39.8077
39.7518
39.3919
39.3300
38.9830
39.0088
38.9826
39.0458
39.1160
39.0001
38.9157
38.7350
38.8223
38.9203
38.7477
38.7393
38.6593
38.7950
38.8386
38.8118
38.7230
38.6716
38.8509
38.7374
38.8134
38.8507
39.0781
38.8349
38.7192
38.5138
38.7097
38.8368
39.0846
39.1677
39.1707
39.0402
38.7696
38.6266
38.7429
38.8189
38.7258
38.7589
38.6001
38.4801
38.4117
38.5781
38.4843
38.8517
38.8543
38.7691
38.9938
38.8721
38.6530
38.9490
39.0714
39.1029
38.9121
39.1517
39.3645
39.4114
39.5235
39.3311
39.3846
39.3181
39.4572
39.5431
39.6282
39.4767
39.4115
39.4592
39.5137
39.7425
39.7664
39.6777
39.9678
39.9691
39.7841
39.8384
39.9499
40.1872
40.4064
40.5867
40.4772
40.2612
40.1688
40.3842
40.6189
40.2852
40.4061
40.7591
41.6714
41.4079
41.2280
40.6339
40.7632
40.8848
41.2250
41.6718
41.7059
41.6868
41.3933
41.4389
41.4127
41.7891
41.9023
42.0153
41.8711
41.8661
41.5842
41.4707
41.4824
41.5068
41.7559
41.8457
41.7744
42.0251
42.0337
42.0256
41.9109
41.8612
41.7035
41.4997
41.4605
41.6884
41.6638
41.5886
41.6937
41.5998
41.9394
42.0727
42.2128
42.1431
42.2469
42.1833
42.3830
42.3571
42.5457
42.4001
42.9153
43.1373
42.9858
42.7084
42.5551
42.6169
42.7328
43.0236
42.8785
42.8601
43.1425
43.2614
43.3728
43.4632
43.1571
43.4411
43.4191
43.3979
43.2216
43.6357
43.4535
43.3655
43.2421
43.0127
42.9164
42.2058
42.2482
41.8792
41.3531
41.2267
41.0914
41.2786
41.5175
41.4902
41.6771
41.4830
41.3762
41.4732
41.7631
41.8396
41.7455
41.6705
41.6746
41.6618
41.6600
42.0226
41.8749
41.6355
41.3061
41.2924
41.2895
41.7768
41.9075
42.0285
41.9039
40.9590
39.9625
39.8158
39.5923
39.5173
39.6431
39.5182
39.5982
39.7937
39.9389
39.8365
39.9484
39.8415
39.7280
39.7316
39.5894
39.7388
39.8214
39.5919
39.5051
39.8033
40.0193
40.0917
40.2435
40.3110
40.4155
40.4824
40.4153
40.3870
40.3029
40.0923
40.1189
40.0791
40.1814
40.2277
40.0470
39.8913
39.8184
40.1280
40.2825
40.2298
40.5244
40.6273
40.6581
40.6879
40.3436
40.3074
40.3497
40.2444
40.0594
40.0802
40.0217
39.9566
39.9938
39.8117
39.9652
39.8889
40.0113
39.8512
39.6830
39.7137
39.6934
39.7827
39.8657
40.2974
40.5421
40.5751
40.5211
40.8078
40.8121
40.6681
40.5837
40.7933
40.7443
40.8117
40.5523
40.4407
40.4739
40.8304
40.8791
40.7604
40.5268
40.4390
40.4859
40.3528
40.2789
40.1652
40.1624
40.1980
40.3875
40.0223
40.0325
39.9288
40.0156
39.9495
40.0642
40.0858
40.1996
40.0633
40.1097
40.0728
39.9813
39.9347
39.5375
39.3151
39.3039
39.4038
39.3476
39.2752
39.3974
39.7219
39.8136
40.0073
40.0294
39.6795
39.8868
39.7682
39.6821
39.6802
39.4703
39.6040
39.7667
40.1350
39.9871
39.8892
39.9593
40.0819
40.5279
40.7258
40.7368
40.5811
40.6487
40.6205
40.7198
40.7027
40.5624
40.5807
40.2113
40.1895
39.9066
39.9680
40.1264
39.4815
39.5154
39.6076
40.4876
40.3331
39.9011
40.0226
40.0594
40.1548
40.1706
40.3582
40.4720
40.5055
40.7979
40.6798
40.8851
41.2932
40.8042
40.9394
41.2106
41.2720
41.6525
41.7677
41.3374
41.2276
41.0620
41.0814
41.5682
41.6192
41.6956
41.9168
42.4036
42.6367
42.3568
42.4069
42.2863
42.2175
42.1715
42.2311
41.8779
42.0590
42.3004
42.7798
42.9854
43.1654
42.9147
42.9848
42.7256
42.4316
42.1841
42.4658
42.4975
42.5351
42.8781
42.4411
42.2983
42.3577
42.3939
42.1585
42.0451
41.5895
41.6600
41.6717
41.3564
41.4017
41.7156
41.9747
41.6606
41.4392
41.3481
41.0884
41.2220
41.2599
41.5380
41.2254
40.6483
40.5416
40.8115
40.3166
39.9107
39.5264
39.3235
39.1917
39.1868
39.2948
39.3215
39.4720
39.3505
39.2901
39.1654
39.0127
39.0291
39.0311
39.1911
39.0894
38.8662
38.9131
39.0923
39.0300
39.0514
39.1148
39.0868
39.2173
39.3009
39.4417
39.5235
39.6110
39.3593
39.2404
39.3781
39.4500
39.4653
39.4694
39.3671
39.3350
39.3139
39.1999
39.1253
38.9503
39.2145
39.5306
39.4373
39.3258
38.9053
38.8090
38.7345
38.8716
39.1285
39.1615
39.1326
39.1021
39.0305
38.9928
38.3031
38.2097
38.1863
38.3139
38.3324
38.2352
38.0242
38.0330
38.2670
38.2560
38.2614
38.4192
38.3303
38.0982
38.0217
37.9430
37.8333
37.9165
37.8476
38.0117
38.1111
38.0330
37.8133
37.6316
37.9869
38.5119
38.6046
38.6159
39.0115
38.0406
37.4206
37.6224
37.7562
37.7282
37.8412
38.1940
38.5948
38.9490
38.6833
38.5143
38.6004
38.6986
38.7020
38.7817
38.8534
38.8706
38.7445
39.0413
39.0919
39.2199
39.2873
39.2723
39.4387
39.6253
39.4829
39.4982
39.2286
39.1524
39.1866
39.2568
39.3922
39.6303
39.7255
39.5713
39.7028
39.8654
39.3808
39.5301
39.7152
39.8238
39.6339
39.8357
39.9586
40.2830
40.2347
40.3272
40.2610
40.2469
40.3367
40.4866
40.5211
40.7215
40.6007
40.5271
40.7377
40.8047
40.7566
40.5012
40.6498
40.6285
40.8825
41.2561
41.1467
41.1092
41.1737
41.5085
41.6551
41.6998
41.6937
41.7179
41.6115
41.7633
42.0510
42.2190
42.4637
42.5842
42.5574
42.7058
42.5808
42.0576
41.9485
42.1478
42.5094
42.5654
42.5905
42.7764
42.9497
42.6149
42.6681
43.4605
43.3883
43.0096
42.5638
42.3566
42.9903
43.4848
43.5744
43.7854
44.1766
43.8568
43.9016
43.9441
44.0806
44.4913
45.0735
45.2608
44.7174
43.8905
44.0275
44.1945
43.8252
43.8736
43.7658
44.3571
43.5523
43.1921
42.9981
43.0856
43.0407
42.7998
42.7844
42.8948
42.9541
42.8971
42.9134
43.0424
43.0742
43.1476
43.1578
43.1897
43.1606
43.0588
43.0678
43.2180
43.2489
43.2606
43.5002
43.5353
43.5705
43.6003
43.7166
43.7453
43.7429
43.8460
43.8647
43.6133
43.5069
43.6052
43.7510
43.8211
43.9667
44.0259
43.8154
43.8245
43.8877
44.0068
44.1291
44.2562
44.3620
44.3946
44.5625
44.5271
44.6807
44.8133
44.9612
45.3036
44.8575
44.8886
45.0212
45.1512
45.1084
45.0672
45.1084
45.3932
45.4880
45.6501
45.4321
45.3011
45.0782
44.9407
45.0476
45.1512
45.4663
44.9842
45.0123
45.0884
45.6350
45.2618
45.8108
46.1718
44.9389
44.9498
45.2893
44.9168
44.7780
44.7097
44.4642
43.9978
44.6927
44.4351
43.7675
43.8249
44.1712
44.2771
44.1159
44.2743
44.4466
44.8023
44.6066
44.9940
45.4873
46.0059
44.6732
44.4070
44.1387
43.8559
43.8481
43.7942
43.9052
43.8069
43.8512
43.8191
43.6965
43.5728
43.9274
43.7556
43.3216
43.3914
43.4340
43.2796
43.3511
43.2958
43.3546
43.5895
43.4909
43.3280
43.6009
43.8542
43.6490
43.4152
43.4875
43.3780
43.3269
43.4963
43.4712
43.4909
43.4644
43.3562
43.2460
43.3303
43.4714
43.6124
43.6258
43.7798
43.9709
43.6574
43.5406
43.7250
43.8501
43.8727
43.9939
43.8389
43.6596
43.8783
44.0392
44.0216
44.0392
44.0764
43.5613
43.8226
44.0555
44.2653
44.4470
44.1986
44.1607
44.5860
44.4993
44.6578
44.9412
44.8523
44.8684
44.7912
44.8946
44.9419
45.3151
45.4446
45.3963
45.2674
45.6323
45.7695
45.5416
44.8083
44.8603
45.1894
44.9258
45.0674
44.4258
45.0365
45.3686
45.2572
45.3543
45.8071
45.5201
45.3543
45.4280
45.9670
45.9108
45.4089
45.4422
45.9741
44.9957
44.3476
44.6107
44.9655
46.3312
46.3621
46.5951
46.4788
46.5924
46.8392
46.3896
46.0457
45.6636
45.3398
44.0305
43.7123
42.4861
42.3986
42.6454
42.1454
43.3331
43.7815
43.0800
42.3833
41.9706
41.4105
41.5282
41.1311
41.4275
41.4411
41.6294
40.7880
40.1859
39.9565
39.6674
39.7253
39.5475
39.7798
38.7040
37.8188
37.4292
36.9008
36.6678
36.1715
36.0061
36.0107
35.8786
35.3887
35.4404
35.3037
35.4095
35.7166
35.3629
35.4565
35.2416
34.9141
34.5215
34.4975
34.6693
34.6250
34.5766
34.7938
34.3777
34.6319
34.8064
34.5677
34.5112
34.6484
34.5449
34.4828
34.4092
35.0447
34.4306
34.1627
34.0844
34.4144
34.5767
34.6345
35.0881
35.1731
35.3988
35.3188
35.5798
35.6063
35.6051
35.5171
35.6839
35.5632
35.5512
35.5476
35.8757
35.9458
36.1530
36.4999
36.3700
36.5948
36.7099
36.7957
36.8974
36.6274
36.2568
36.4066
36.2958
36.3415
36.4299
36.0821
35.9922
36.1851
36.0877
36.2670
36.3908
36.5937
35.9279
35.9455
36.1248
36.2264
36.2884
36.1574
36.0888
36.0083
36.1257
35.9975
36.0439
35.9832
36.1200
36.1406
36.1922
36.1034
36.1850
36.7808
36.2996
36.4737
36.4564
36.3999
36.4586
36.5353
36.5752
36.5329
36.7203
36.6768
36.7128
36.6664
36.7695
36.9419
36.8142
36.7991
36.8093
36.8559
36.8759
36.9009
36.8774
36.8747
36.7822
36.8823
36.8131
36.9381
37.1069
37.0561
36.9823
36.9710
36.9077
36.8276
36.7203
36.7138
36.7427
36.7003
36.7325
36.6827
36.6943
36.5681
36.6841
36.8070
37.1420
37.1810
36.9233
36.7699
36.7382
36.8699
36.8701
36.7827
36.8904
37.0987
37.1239
37.1357
37.0932
37.2238
37.0731
36.9705
36.9474
36.9053
37.0339
36.8730
36.8346
36.6715
36.6035
36.7757
36.7701
36.7666
36.6997
36.8959
36.8895
36.9469
36.9422
37.1463
37.2606
37.1598
37.1137
37.2348
37.2336
37.1396
37.1291
37.0603
37.1070
37.1299
37.0295
37.0433
36.9714
36.9760
36.9414
36.8693
36.9851
37.0873
37.0676
37.0794
36.9103
36.8527
36.6632
36.7526
36.8739
37.0216
37.0825
37.1123
36.8995
36.8701
36.6538
36.6446
36.6921
36.6204
36.4918
36.5169
36.5125
36.5099
36.4054
36.3893
36.1921
36.2248
36.1399
36.1036
36.0992
36.0663
36.0309
35.9732
35.9006
35.8317
35.9316
35.8585
36.0259
36.0980
36.3059
36.2731
36.3225
36.2900
36.1688
36.1398
36.1033
36.0714
35.9891
35.9832
35.8490
35.8298
35.8669
35.8620
36.0646
36.1130
36.1212
36.0389
35.9214
35.9762
35.9332
35.9410
35.7261
35.6152
35.5839
35.5677
35.5796
35.5501
35.5813
35.5822
35.6038
35.8398
35.9418
35.9242
35.9595
35.8798
35.8327
35.7972
35.9662
35.8925
35.9136
36.0055
36.0389
36.0244
36.0874
36.0864
36.1498
36.0895
36.0584
35.9724
35.8619
35.8365
35.9053
35.8926
35.8461
35.8674
35.9304
35.8798
35.8517
35.7455
35.6888
35.6768
35.6492
35.5874
35.6248
35.5580
35.4497
35.4003
35.3999
35.5330
35.5346
35.4194
35.3372
35.3746
35.3383
35.3363
35.3414
35.2652
35.1788
35.2693
35.2837
35.2531
35.3428
35.3712
35.4443
35.3457
35.3261
35.2954
35.2193
35.3088
35.3186
35.2188
35.2135
35.1010
35.1358
35.1674
35.2309
35.2223
35.1857
35.2366
35.0848
35.0210
34.8951
34.8571
34.9221
35.0233
35.0114
35.0042
35.0006
35.0773
34.9344
34.8377
34.8511
34.8259
34.7372
34.5502
34.5480
34.5813
34.7413
34.8325
34.8808
34.9499
34.9968
35.1489
35.1950
35.0262
34.9774
34.9528
35.0015
34.9336
34.9911
34.9666
35.0728
35.0902
35.1079
35.0770
35.0869
35.1379
35.1068
35.1066
35.1072
35.1263
35.1099
34.9342
35.0081
34.9575
34.9580
34.9657
34.9454
34.8368
34.7150
34.7324
34.6993
34.6819
34.8472
34.7900
34.7676
34.8155
34.8093
34.7756
34.6698
34.6471
34.6333
34.7471
34.7780
34.8929
34.9369
34.8940
34.8180
34.8177
34.8128
34.8164
34.8187
34.8354
34.8041
34.8358
34.8358
34.8619
34.9082
34.8706
34.9200
35.0134
34.9439
34.9294
34.8585
34.9486
35.0180
35.0178
34.9609
35.0195
34.9823
35.0653
34.9972
35.0586
35.0580
34.9651
34.9844
35.0387
34.9795
35.0029
34.9350
34.9518
34.9177
34.8423
34.8028
34.7886
34.7102
34.7812
34.7214
34.6887
34.7301
34.7107
34.6861
34.6644
34.7015
34.6768
34.5937
34.6751
34.7309
34.6558
34.6429
34.6435
34.6563
34.5308
34.5090
34.4808
34.4292
34.4564
34.4206
34.4180
34.4618
34.4816
34.5500
34.5390
34.5180
34.4908
34.3920
34.4591
34.4823
34.4676
34.4555
34.4602
34.3688
34.2649
34.3097
34.3015
34.3419
34.4128
34.3214
34.3601
34.4690
34.4929
34.3802
34.3896
34.3212
34.3176
34.4099
34.4555
34.4016
34.4009
34.4173
34.3991
34.3374
34.4037
34.3771
34.3136
34.3828
34.4129
34.4862
34.6965